2000
505
265
438
-1
419
-1
125
522
312
285
694
361
190
343
333
551
-1
399
-1
199
-1
49
256
570
-1
712
314
199
115
220
332
418
296
303
49
390
618
285
49
210
49
304
305
314
209
162
598
313
427
228
495
351
249
200
-1
523
352
228
-1
314
209
125
618
483
-1
750
571
209
97
189
238
191
237
49
181
-1
201
294
-1
313
-1
238
303
220
541
49
199
218
106
-1
341
295
49
116
134
342
229
-1
561
265
598
257
-1
598
464
331
134
180
163
313
-1
49
407
484
380
180
-1
248
115
229
647
49
343
379
-1
286
560
275
49
49
-1
125
208
294
97
181
199
248
179
143
172
208
360
-1
427
409
447
-1
134
961
153
-1
-1
399
390
437
665
-1
228
313
49
180
-1
-1
201
284
789
-1
417
294
-1
218
125
588
353
239
125
570
333
295
295
49
246
266
153
474
353
180
200
305
255
540
398
332
428
189
-1
341
49
389
190
360
275
154
190
144
351
352
229
97
209
-1
189
275
258
475
542
419
116
464
693
323
542
304
257
-1
315
228
256
248
49
293
255
371
49
210
684
388
171
-1
171
570
314
210
227
324
277
237
275
190
247
-1
144
49
-1
523
228
49
-1
313
238
162
49
504
246
49
172
199
-1
370
-1
162
305
580
201
209
-1
599
295
125
267
200
438
181
-1
465
228
256
-1
210
286
533
49
217
97
257
371
229
49
199
408
399
275
826
209
49
153
467
562
-1
295
305
-1
152
190
418
313
210
541
362
353
181
97
190
49
239
218
153
181
409
191
181
49
246
513
247
220
144
370
237
199
-1
106
49
408
49
351
161
-1
331
-1
49
228
200
485
466
-1
323
427
277
305
-1
351
617
378
-1
427
541
199
256
428
266
190
324
428
-1
-1
49
171
49
303
379
49
125
313
352
49
228
351
153
189
115
332
49
237
379
229
-1
248
143
257
-1
389
-1
-1
134
144
267
465
248
171
162
464
390
49
49
408
352
419
219
369
-1
553
49
246
144
352
504
143
-1
227
191
285
191
49
49
152
106
49
323
266
503
399
285
227
570
-1
428
304
351
618
219
199
312
97
475
276
400
97
265
181
180
474
541
190
-1
436
227
257
116
191
-1
324
342
49
304
228
49
181
399
238
790
315
315
199
371
332
247
153
541
294
163
418
542
-1
49
266
-1
370
190
229
219
97
295
352
-1
342
360
49
769
190
294
210
143
217
97
97
390
304
-1
477
447
352
388
49
322
180
209
570
219
265
314
116
218
418
503
342
49
210
49
541
97
227
153
125
219
409
162
522
181
296
265
-1
-1
332
189
-1
217
284
49
218
303
343
380
-1
218
49
180
-1
97
276
284
-1
201
-1
228
333
342
304
322
305
304
324
313
322
134
256
115
49
171
189
304
162
49
410
219
181
200
446
246
295
106
276
257
229
219
-1
200
761
437
266
49
134
200
-1
-1
161
314
514
-1
219
-1
97
266
266
-1
399
161
314
381
-1
144
295
49
218
162
466
-1
200
49
238
324
209
125
304
209
256
370
179
332
49
372
228
256
389
493
228
293
341
218
390
-1
474
238
295
466
227
49
200
49
171
162
191
237
-1
247
163
191
162
49
342
-1
49
313
437
360
143
49
218
437
417
296
209
238
589
152
162
294
181
836
229
228
580
391
49
285
342
419
209
142
115
351
124
-1
552
417
277
579
410
162
447
180
190
209
276
49
332
172
-1
49
294
208
227
465
182
285
219
-1
495
116
380
-1
455
171
294
219
220
379
-1
151
256
190
332
388
181
446
49
512
190
361
172
275
561
172
266
551
608
-1
258
-1
-1
49
200
-1
49
419
-1
-1
294
313
-1
49
190
446
314
115
342
200
294
210
390
-1
313
192
210
340
352
322
172
521
418
551
266
313
199
142
352
304
-1
351
248
49
49
173
199
218
418
380
294
276
154
465
218
189
209
201
49
332
475
-1
49
-1
143
-1
571
257
125
276
199
493
551
218
237
342
276
49
218
209
-1
418
172
125
334
181
200
-1
97
304
237
258
618
599
486
134
190
199
49
741
390
532
494
-1
-1
296
-1
313
218
-1
285
333
208
296
322
561
247
296
695
378
550
380
494
-1
-1
49
190
266
303
352
372
189
49
-1
541
332
219
285
-1
398
295
322
209
256
388
208
474
49
-1
217
200
465
200
264
106
-1
-1
49
598
-1
229
237
276
-1
-1
163
296
674
266
171
-1
163
409
97
134
106
171
134
97
313
484
-1
-1
-1
343
381
542
-1
561
227
180
228
256
49
569
199
303
570
257
265
180
579
323
266
484
389
173
256
49
342
181
49
161
257
-1
-1
361
-1
248
200
49
-1
579
294
238
154
390
162
409
-1
256
191
275
199
219
361
590
210
333
-1
97
-1
115
312
-1
312
144
246
446
495
257
493
457
199
218
779
256
314
-1
144
49
702
532
313
313
304
49
209
-1
-1
276
465
399
181
466
350
217
294
237
49
257
285
134
190
455
267
191
182
49
598
125
361
626
227
163
-1
-1
200
134
295
409
173
379
761
209
426
294
181
181
256
351
237
295
551
313
218
152
247
293
218
-1
315
437
-1
97
466
247
256
228
504
265
598
322
256
97
199
246
275
256
229
371
163
371
-1
865
238
162
693
428
228
675
551
437
390
399
49
636
49
703
219
209
304
49
125
428
238
275
49
303
182
277
135
304
370
465
361
237
580
49
779
312
153
191
398
-1
303
409
115
97
257
285
191
265
296
503
304
315
446
-1
152
229
360
236
172
49
437
247
361
237
675
200
49
-1
162
228
190
550
409
97
361
304
456
323
49
827
228
209
161
49
144
172
371
703
447
-1
162
427
49
267
389
256
189
181
125
220
171
199
190
333
230
154
389
236
389
49
275
208
352
248
49
372
637
343
153
628
49
246
172
551
476
446
153
638
172
428
484
304
228
218
276
332
295
-1
-1
97
-1
418
351
419
266
466
143
294
49
189
-1
417
-1
389
257
209
-1
331
493
683
446
199
256
322
247
703
333
238
342
49
49
49
247
180
446
256
352
417
590
485
97
569
-1
683
315
49
238
209
154
419
275
864
304
190
505
171
352
694
180
419
456
303
172
626
351
49
351
49
266
324
275
256
275
181
389
256
125
-1
588
276
379
-1
49
-1
143
400
370
342
324
249
303
294
-1
210
333
190
360
606
191
788
172
390
162
161
266
209
361
-1
49
228
246
-1
97
256
-1
466
284
466
218
237
151
49
683
-1
446
-1
285
588
227
313
172
295
674
276
247
170
151
209
275
134
-1
312
219
219
181
134
201
161
49
399
49
49
342
352
277
256
228
-1
304
494
-1
208
342
229
229
49
303
49
248
-1
153
456
331
703
388
97
208
-1
153
275
238
-1
219
579
266
219
257
-1
457
-1
266
315
200
227
255
542
333
353
-1
97
257
542
152
399
-1
276
217
276
97
542
247
49
247
866
210
247
-1
208
246
49
285
-1
238
475
97
267
163
618
277
448
97
361
125
162
49
323
607
372
49
388
342
-1
827
-1
474
418
532
97
49
152
199
49
360
494
484
960
295
189
227
447
256
332
275
144
-1
49
-1
267
341
190
256
295
237
229
49
542
-1
228
361
599
523
198
209
153
257
49
200
162
227
49
237
315
115
371
199
49
171
49
428
247
-1
-1
323
161
333
190
-1
437
495
607
265
380
181
407
200
295
199
199
209
208
266
170
363
265
-1
180
-1
49
208
170
542
208
49
333
437
419
191
283
218
514
-1
418
97
-1
370
-1
-1
227
436
172
217
313
351
380
200
285
333
125
-1
49
513
294
276
399
408
266
219
209
454
371
247
552
173
427
162
200
246
248
247
116
248
447
381
125
512
331
266
258
371
-1
485
277
475
333
209
466
436
286
314
608
398
465
125
209
580
49
370
455
541
220
305
49
97
608
276
-1
49
191
465
-1
153
238
116
190
247
182
371
49
246
172
115
199
334
416
428
390
400
49
305
427
228
256
379
266
521
-1
370
162
-1
-1
210
-1
257
-1
125
314
503
333
161
-1
-1
334
49
305
266
229
418
228
-1
398
408
379
49
227
49
238
200
-1
626
49
229
49
409
246
504
457
285
-1
-1
331
236
228
200
208
409
97
437
49
-1
418
-1
-1
275
247
49
-1
49
303
323
162
191
218
237
371
-1
49
285
275
331
49
266
322
49
314
-1
-1
208
-1
447
246
227
173
438
391
238
723
218
171
209
49
475
361
256
333
153
532
153
238
315
399
237
238
380
248
274
370
247
438
456
256
333
238
588
49
275
294
181
-1
513
97
180
323
49
353
351
275
476
115
162
522
465
400
190
49
-1
504
294
218
493
-1
296
836
199
172
49
239
97
313
162
49
208
323
49
228
276
161
106
275
351
49
400
256
-1
49
360
362
257
97
171
295
49
210
514
-1
191
-1
106
343
257
-1
125
209
600
531
143
569
161
248
152
49
49
363
-1
352
218
600
295
199
191
152
410
503
219
227
49
228
125
513
276
275
265
106
-1
220
-1
228
542
49
257
199
646
379
49
438
-1
181
-1
474
209
181
-1
-1
266
417
560
163
295
-1
49
201
125
171
209
-1
162
256
485
-1
181
49
371
274
265
209
49
-1
-1
512
257
427
-1
456
551
626
237
503
484
313
134
-1
295
256
182
247
49
125
304
494
398
276
276
142
218
154
49
97
628
342
-1
209
199
220
352
342
267
418
189
